0  0.2266341745853424 0.30284664034843445 0.2830979526042938 0.38345280289649963
0  0.5056758522987366 0.36224615573883057 0.5594293475151062 0.4179900288581848
0  0.17389550805091858 0.3348293602466583 0.20923757553100586 0.3901892602443695
0  0.3213558793067932 0.29540231823921204 0.3734235167503357 0.3874955475330353
0  0.29147738218307495 0.4061446189880371 0.32972556352615356 0.46682554483413696
0  0.4757063090801239 0.32779350876808167 0.4951997697353363 0.36829856038093567
0  0.15883727371692657 0.36308345198631287 0.22822119295597076 0.46241673827171326
0  0.5600675344467163 0.415134072303772 0.5877202749252319 0.45902127027511597
0  0.24223540723323822 0.39589282870292664 0.277009516954422 0.4580003321170807
0  0.4511268734931946 0.3340695798397064 0.47985732555389404 0.3899836242198944
0  0.3008039593696594 0.31332364678382874 0.32956963777542114 0.3633457124233246
0  0.529358446598053 0.41139891743659973 0.5579954981803894 0.4468528926372528
0  0.4208139479160309 0.34063178300857544 0.45428726077079773 0.3932837247848511
0  0.16791777312755585 0.4084272086620331 0.228274866938591 0.462936133146286
0  0.38181963562965393 0.3236476480960846 0.416368693113327 0.3721696436405182
0  0.4129035472869873 0.32954198122024536 0.4950282573699951 0.39550310373306274
0  0.5279040336608887 0.3745388388633728 0.5598852634429932 0.41140925884246826
0  0.5272076725959778 0.4134979248046875 0.587563693523407 0.46776890754699707
0  0.43640756607055664 0.40941134095191956 0.4651799201965332 0.4455300271511078
0  0.26014918088912964 0.3434835374355316 0.296287477016449 0.39052143692970276
0  0.22397585213184357 0.3790145218372345 0.2662268579006195 0.4268077313899994
0  0.5380876064300537 0.4258449077606201 0.5653601884841919 0.4670073986053467
0  0.3889614939689636 0.3273736536502838 0.49624502658843994 0.43271270394325256
0  0.5058958530426025 0.36221426725387573 0.5321816205978394 0.415587842464447
0  0.3454131782054901 0.39580801129341125 0.38491109013557434 0.42858704924583435
0  0.39190536737442017 0.37022337317466736 0.42152971029281616 0.41767004132270813
0  0.382134348154068 0.32364580035209656 0.4032078683376312 0.3589695394039154
0  0.21940064430236816 0.37609562277793884 0.27854350209236145 0.46022477746009827
0  0.49145618081092834 0.4208506643772125 0.5253321528434753 0.4548964202404022
0  0.41337549686431885 0.3867066204547882 0.4412197470664978 0.4318391978740692
0  0.4732833504676819 0.3714637756347656 0.5053417682647705 0.3919174075126648
0  0.21511146426200867 0.4271595776081085 0.2515447437763214 0.46619704365730286
0  0.16259954869747162 0.38554802536964417 0.20553560554981232 0.43281522393226624
0  0.4549531936645508 0.3887621760368347 0.4869052767753601 0.42838871479034424
0  0.35292917490005493 0.32196077704429626 0.37270277738571167 0.3670732080936432
0  0.39316025376319885 0.3708086609840393 0.44037583470344543 0.433186411857605
0  0.30030557513237 0.31717967987060547 0.31475207209587097 0.35559380054473877
0  0.35560834407806396 0.3476791977882385 0.38813090324401855 0.3903915286064148
0  0.15830133855342865 0.39501306414604187 0.18490101397037506 0.4349672496318817
0  0.2834089696407318 0.33099639415740967 0.30491164326667786 0.36098670959472656
0  0.5061986446380615 0.4235575497150421 0.5253933668136597 0.44736167788505554
0  0.1973419040441513 0.36239320039749146 0.22094689309597015 0.41302746534347534
0  0.506370484828949 0.360844224691391 0.5230695605278015 0.39425793290138245
