0  0.30388379096984863 0.3644895553588867 0.35412168502807617 0.4244813323020935
0  0.26549503207206726 0.3460847735404968 0.3078581988811493 0.4196075201034546
0  0.121501624584198 0.3411051034927368 0.15358051657676697 0.3939476013183594
0  0.22940267622470856 0.33861464262008667 0.2621851861476898 0.40313851833343506
0  0.1725994497537613 0.3480526804924011 0.21134035289287567 0.41034841537475586
0  0.2445308119058609 0.4238680899143219 0.29247772693634033 0.492863267660141
0  0.07426955550909042 0.3305484652519226 0.1065417006611824 0.3702564239501953
0  0.34706732630729675 0.3771272301673889 0.3669101297855377 0.428030788898468
0  0.16517040133476257 0.3121708035469055 0.187059223651886 0.36656320095062256
0  0.5115945935249329 0.4280060827732086 0.557488739490509 0.4526408612728119
0  0.0001692669466137886 0.322826623916626 0.02178104594349861 0.3793867230415344
0  0.38789063692092896 0.39023029804229736 0.42920631170272827 0.4367481470108032
0  0.02769063226878643 0.3253191113471985 0.05998337268829346 0.3633440136909485
0  0.5106164216995239 0.42800796031951904 0.5576378107070923 0.4853282570838928
0  0.13666684925556183 0.4046384394168854 0.1701686829328537 0.45978739857673645
0  0.4335396885871887 0.405818909406662 0.47472625970840454 0.44093695282936096
0  0.17660075426101685 0.3481619358062744 0.20791643857955933 0.38520312309265137
0  0.07055774331092834 0.4137819707393646 0.10183490812778473 0.46516111493110657
0  0.47179052233695984 0.4080255925655365 0.49878671765327454 0.4439222514629364
0  0.24373021721839905 0.3379499018192291 0.2615724503993988 0.3696061074733734
0  0.3873056471347809 0.38996022939682007 0.4076057970523834 0.4337766766548157
0  0.061179209500551224 0.3099210262298584 0.07356128841638565 0.340131938457489
0  0.0003336220979690552 0.3121984302997589 0.10766814649105072 0.39816007018089294
0  0.1728481501340866 0.3811304271221161 0.2112276405096054 0.41061171889305115
0  0.2653297185897827 0.36594411730766296 0.2888731360435486 0.41163334250450134
0  0.0001226305030286312 0.40303730964660645 0.01147674210369587 0.4459373354911804
0  0.5194603800773621 0.4675774574279785 0.5473402142524719 0.4869922995567322
0  0.4662230610847473 0.4632337689399719 0.5031664371490479 0.49191808700561523
0  0.05078992247581482 0.3103509843349457 0.07476253807544708 0.3623602092266083
0  0.14244283735752106 0.3715275824069977 0.171661838889122 0.4070068895816803
0  0.3630233705043793 0.417805016040802 0.3930067718029022 0.4652092456817627
0  0.039469797164201736 0.3395114243030548 0.07015405595302582 0.39461544156074524
0  0.005113540217280388 0.4498403072357178 0.06124032288789749 0.4987502098083496
0  0.3037264943122864 0.36562126874923706 0.33034080266952515 0.41515928506851196
0  0.04429497942328453 0.3355938494205475 0.0756826251745224 0.36479565501213074
0  0.29707828164100647 0.4480845630168915 0.3415593206882477 0.4820261299610138
0  0.02761976607143879 0.3102271556854248 0.07390594482421875 0.36582791805267334
0  0.12179595232009888 0.31170159578323364 0.21123450994491577 0.4107424020767212
0  0.07229599356651306 0.3612016439437866 0.10890033841133118 0.3992740511894226
0  0.02662251889705658 0.3255324363708496 0.0637616291642189 0.3938998579978943
0  0.053957823663949966 0.42520564794540405 0.07426846027374268 0.47098904848098755
