0  0.4508214294910431 0.2151746153831482 0.48032447695732117 0.2591754198074341
0  0.7067425847053528 0.23504413664340973 0.7437761425971985 0.2776051461696625
0  0.08108974248170853 0.43153613805770874 0.12975120544433594 0.4932810664176941
0  0.7449775338172913 0.27171486616134644 0.8004624247550964 0.36226886510849
0  0.27504974603652954 0.30859246850013733 0.32009297609329224 0.36557134985923767
0  0.701084554195404 0.2755800783634186 0.7497685551643372 0.3158080279827118
0  0.6561997532844543 0.32351383566856384 0.7191962599754333 0.3847023546695709
0  0.2422696352005005 0.3208460807800293 0.2766963243484497 0.37524473667144775
0  0.6358867883682251 0.23714682459831238 0.6729909181594849 0.29463306069374084
0  0.4070465862751007 0.36616843938827515 0.4320352375507355 0.4329249858856201
0  0.4905148446559906 0.24342897534370422 0.5217089653015137 0.30251404643058777
0  0.26574158668518066 0.39091452956199646 0.33259880542755127 0.4668216407299042
0  0.750938892364502 0.27113816142082214 0.7779698371887207 0.3260948956012726
0  0.17164047062397003 0.34505313634872437 0.20668356120586395 0.38781189918518066
0  0.1408364325761795 0.3679327666759491 0.1896349936723709 0.4070400297641754
0  0.6746090650558472 0.256064772605896 0.7102574110031128 0.2999756336212158
0  0.4179214835166931 0.2593613564968109 0.4400339126586914 0.2808436453342438
0  0.5499773621559143 0.32680949568748474 0.581571638584137 0.3761034309864044
0  0.6563162803649902 0.293178528547287 0.6934777498245239 0.331366628408432
0  0.36743685603141785 0.28248825669288635 0.39005616307258606 0.32026347517967224
0  0.1421377956867218 0.3974725306034088 0.18666058778762817 0.44654783606529236
0  0.3923649489879608 0.28452709317207336 0.41892072558403015 0.34034135937690735
0  0.3170802891254425 0.31059497594833374 0.34436312317848206 0.35807061195373535
0  0.5316593050956726 0.2852630913257599 0.5669167637825012 0.3314644992351532
0  0.6582472324371338 0.23591196537017822 0.6827272176742554 0.2720150351524353
0  0.4967731237411499 0.30109313130378723 0.536462664604187 0.3509713113307953
0  0.43757426738739014 0.3255833387374878 0.4682902693748474 0.36019647121429443
0  0.24472852051258087 0.37769368290901184 0.2884712219238281 0.4193306863307953
0  0.6038462519645691 0.3968009054660797 0.6646941304206848 0.47234806418418884
0  0.7442213892936707 0.32136157155036926 0.7921846508979797 0.3625688850879669
0  0.43741515278816223 0.3077223598957062 0.4925539791584015 0.38901421427726746
0  0.6880583763122559 0.37713131308555603 0.728561282157898 0.42678478360176086
0  0.33467116951942444 0.334770143032074 0.3660576045513153 0.3674156665802002
0  0.14001776278018951 0.34557124972343445 0.20550192892551422 0.44800516963005066
0  0.5160864591598511 0.3629930019378662 0.5455338954925537 0.40341705083847046
0  0.6439325213432312 0.3830277919769287 0.693371593952179 0.4501512050628662
0  0.706599771976471 0.3590889871120453 0.7383574843406677 0.4415646493434906
0  0.5288515686988831 0.44579485058784485 0.5727211833000183 0.48891451954841614
0  0.36686933040618896 0.2831456661224365 0.39695072174072266 0.351518452167511
0  0.447023868560791 0.35541972517967224 0.4747788906097412 0.38959094882011414
0  0.37518981099128723 0.33441776037216187 0.4083525836467743 0.3718889355659485
0  0.5734652876853943 0.39972883462905884 0.6090516448020935 0.46807271242141724
0  0.20466063916683197 0.37947651743888855 0.23461680114269257 0.4153825342655182
0  0.5914157032966614 0.2734679877758026 0.62359219789505 0.31100699305534363
0  0.5596327781677246 0.25103554129600525 0.5854679346084595 0.27863749861717224
0  0.4584248960018158 0.30746346712112427 0.4870111048221588 0.3474067449569702
0  0.4458863437175751 0.4369521141052246 0.47090813517570496 0.47188514471054077
0  0.317864328622818 0.31059643626213074 0.36480966210365295 0.36915209889411926
0  0.5953790545463562 0.3121744394302368 0.6193335652351379 0.34579217433929443
0  0.6102946996688843 0.340148389339447 0.6368119716644287 0.38149064779281616
0  0.10660955309867859 0.41717785596847534 0.14012187719345093 0.45643746852874756
0  0.5600722432136536 0.2516328692436218 0.6094332337379456 0.3100630044937134
0  0.4154956340789795 0.3281019330024719 0.4403079152107239 0.37371671199798584
0  0.605954647064209 0.4295344650745392 0.6497542858123779 0.47237107157707214
0  0.635649561882019 0.23369905352592468 0.8000825643539429 0.3653131425380707
0  0.2018980085849762 0.3797095715999603 0.2477644979953766 0.44097158312797546
0  0.6325330138206482 0.39225277304649353 0.6696154475212097 0.4510931074619293
0  0.5982337594032288 0.37226253747940063 0.6223238110542297 0.4137278199195862
0  0.5199633836746216 0.3973999321460724 0.5671144723892212 0.4535597860813141
0  0.5987904667854309 0.3418693542480469 0.6374383568763733 0.41195106506347656
0  0.46663621068000793 0.3404347896575928 0.4916848838329315 0.37661439180374146
0  0.4971722364425659 0.35560521483421326 0.5452793836593628 0.40484997630119324
0  0.36968791484832764 0.3350522220134735 0.4095633029937744 0.40494534373283386
0  0.36658987402915955 0.2826940417289734 0.4368201196193695 0.4322810173034668
0  0.10672140121459961 0.41674262285232544 0.13190162181854248 0.4410088062286377
0  0.2795209288597107 0.4269264042377472 0.33252137899398804 0.4668715298175812
0  0.5320559740066528 0.2514084279537201 0.6187251806259155 0.3287617266178131
0  0.4875381290912628 0.41340166330337524 0.5137608051300049 0.451224148273468
0  0.5451816320419312 0.4463731050491333 0.5723435878753662 0.4810599684715271
0  0.39652884006500244 0.2827087342739105 0.4195340871810913 0.30632713437080383
0  0.6331973075866699 0.3211674690246582 0.6618255376815796 0.3654112219810486
0  0.6358188390731812 0.2341306209564209 0.7493892908096313 0.3233078122138977
0  0.6527053117752075 0.323504775762558 0.7340391874313354 0.4563230574131012
0  0.7127689123153687 0.35676631331443787 0.73805832862854 0.4110111892223358
0  0.6984106302261353 0.437336802482605 0.7224581241607666 0.46310871839523315
0  0.37107378244400024 0.36507052183151245 0.40494269132614136 0.40633487701416016
