0  0.632928729057312 0.3675367832183838 0.6783878803253174 0.4436625838279724
0  0.5402818918228149 0.3425558805465698 0.605534553527832 0.41649168729782104
0  0.6828662753105164 0.3880021870136261 0.7508113980293274 0.44813528656959534
0  0.7485466599464417 0.40708455443382263 0.8068011403083801 0.4521709382534027
0  0.8432621955871582 0.4319089353084564 0.9150041341781616 0.46005675196647644
0  0.4842473268508911 0.31418895721435547 0.5445780754089355 0.41349828243255615
0  0.0008717775344848633 0.3677091896533966 0.0590217299759388 0.40599676966667175
0  0.5882302522659302 0.405811071395874 0.6428158283233643 0.4424450397491455
0  0.20348648726940155 0.30531901121139526 0.24089576303958893 0.3606277108192444
0  0.2670775353908539 0.33307111263275146 0.31039121747016907 0.3991623520851135
0  0.443696528673172 0.332203209400177 0.48565474152565 0.4011879563331604
0  0.2988768517971039 0.31212347745895386 0.3569437563419342 0.41077888011932373
0  0.36342379450798035 0.32391512393951416 0.4081033766269684 0.413177490234375
0  0.05662243813276291 0.371478796005249 0.08779916912317276 0.40770071744918823
0  0.2580225467681885 0.3087446391582489 0.29488688707351685 0.33993586897850037
0  0.11891964077949524 0.2946741282939911 0.18773767352104187 0.38142773509025574
0  0.3597296178340912 0.2753843665122986 0.3971383273601532 0.37160515785217285
0  0.0007723886519670486 0.36736199259757996 0.0599316731095314 0.47329261898994446
0  0.22391961514949799 0.3219655454158783 0.28220677375793457 0.36418816447257996
0  0.47582685947418213 0.3764379918575287 0.5094066262245178 0.4302443563938141
0  0.1332445740699768 0.33632397651672363 0.2024332880973816 0.412253737449646
0  0.08657313883304596 0.29447340965270996 0.1991875022649765 0.41011154651641846
0  0.08571159839630127 0.35781586170196533 0.13044171035289764 0.4088881015777588
0  0.4260624647140503 0.39074698090553284 0.47697484493255615 0.4311322867870331
0  0.08536592870950699 0.3744331896305084 0.11509352177381516 0.4086264669895172
0  0.29983004927635193 0.3121657967567444 0.33331266045570374 0.383841335773468
0  0.5227341055870056 0.40096765756607056 0.5798555016517639 0.43855518102645874
0  0.4812840521335602 0.34553176164627075 0.5144670605659485 0.41198933124542236
0  0.32475054264068604 0.31750616431236267 0.35557693243026733 0.38586941361427307
0  0.4278084635734558 0.313864141702652 0.6056854128837585 0.4362885653972626
0  0.5151209831237793 0.3447337746620178 0.544690728187561 0.4066588878631592
0  0.4273487329483032 0.347918301820755 0.48490267992019653 0.4294496476650238
0  0.02743084356188774 0.37114718556404114 0.08872410655021667 0.46206244826316833
0  0.29798024892807007 0.27607741951942444 0.4077870845794678 0.41764071583747864
0  0.27969399094581604 0.3850260078907013 0.307902067899704 0.4220564663410187
0  0.5878454446792603 0.40513643622398376 0.6446099281311035 0.49862393736839294
