0  0.30255264043807983 0.2962421178817749 0.3773130774497986 0.3916195034980774
0  0.5088929533958435 0.21426816284656525 0.5331767201423645 0.255226194858551
0  0.47756868600845337 0.20353998243808746 0.5023609399795532 0.2522309124469757
0  0.7131645083427429 0.32578733563423157 0.7806755900382996 0.4195651113986969
0  0.373121976852417 0.30145007371902466 0.4275926351547241 0.354072630405426
0  0.49907052516937256 0.25525400042533875 0.531427264213562 0.29919400811195374
0  0.8023176193237305 0.4070248007774353 0.8393324613571167 0.46135902404785156
0  0.5500777959823608 0.19674165546894073 0.5912755727767944 0.2830103039741516
0  0.5503639578819275 0.19661882519721985 0.5757922530174255 0.24867504835128784
0  0.6258112788200378 0.3648197054862976 0.7075415253639221 0.4565747380256653
0  0.13668887317180634 0.3369721472263336 0.19281162321567535 0.39922818541526794
0  0.6142734289169312 0.2543935477733612 0.6935176849365234 0.33120885491371155
0  0.034081198275089264 0.3964180052280426 0.06792209297418594 0.46002450585365295
0  0.14116840064525604 0.3811662793159485 0.1948443502187729 0.465096116065979
0  0.5676106810569763 0.2119441032409668 0.5913956761360168 0.2829527258872986
0  0.45992669463157654 0.3031693994998932 0.5027978420257568 0.3645910322666168
0  0.7510050535202026 0.3381597101688385 0.7922837734222412 0.41032174229621887
0  0.393598347902298 0.27985891699790955 0.4266798794269562 0.30765393376350403
0  0.2140413373708725 0.3281551003456116 0.2574719488620758 0.46911120414733887
0  0.4674292504787445 0.24240843951702118 0.49586930871009827 0.29659682512283325
0  0.36103329062461853 0.287201464176178 0.3871404826641083 0.3192009925842285
0  0.41991204023361206 0.3661661148071289 0.4504506587982178 0.46331000328063965
0  0.4663410484790802 0.20381245017051697 0.502750039100647 0.30057647824287415
0  0.2501808702945709 0.32541555166244507 0.29518935084342957 0.4030418395996094
0  0.35040083527565 0.3703104853630066 0.38228639960289 0.4372212886810303
0  0.07048307359218597 0.41356152296066284 0.14099358022212982 0.47640883922576904
0  0.20057299733161926 0.3351224958896637 0.23325997591018677 0.3787246644496918
0  0.6137809157371521 0.2540179491043091 0.6376622319221497 0.2884865403175354
0  0.5814394950866699 0.2882533073425293 0.6121410131454468 0.3325907588005066
0  0.6374180912971497 0.2649572491645813 0.6752020716667175 0.31793874502182007
0  0.07275204360485077 0.24718645215034485 0.10230384767055511 0.3602856695652008
0  0.5605456829071045 0.29216268658638 0.5866043567657471 0.33771905303001404
0  0.5476154685020447 0.35843896865844727 0.5944038033485413 0.4583948254585266
0  0.263883501291275 0.3255874514579773 0.29579535126686096 0.3623676300048828
0  0.45572811365127563 0.3844602406024933 0.4971435070037842 0.465128630399704
0  0.18625570833683014 0.3679729700088501 0.22157524526119232 0.44827187061309814
0  0.6868654489517212 0.40112239122390747 0.7562234401702881 0.4780098795890808
0  0.49644458293914795 0.2932308316230774 0.5542110204696655 0.371040940284729
0  0.4447489380836487 0.28651243448257446 0.4706905484199524 0.3500562310218811
0  0.03395034372806549 0.3378523290157318 0.09348393976688385 0.3819691240787506
0  0.0985327735543251 0.34978145360946655 0.14692983031272888 0.3856009244918823
0  0.026401927694678307 0.4608101546764374 0.06919916719198227 0.48434826731681824
0  0.5418288707733154 0.27411895990371704 0.5684065818786621 0.3068072199821472
0  0.6685034036636353 0.28995782136917114 0.6943272352218628 0.3313462734222412
0  0.26939713954925537 0.3957996070384979 0.3336431384086609 0.48483970761299133
0  0.07170049101114273 0.4097042977809906 0.17365941405296326 0.49925097823143005
0  0.05359523743391037 0.37499508261680603 0.10086377710103989 0.4334549009799957
0  0.3017646372318268 0.30528074502944946 0.32504990696907043 0.3631308078765869
0  0.5663347244262695 0.35899290442466736 0.5929276943206787 0.4437275826931
0  0.03330748900771141 0.24742695689201355 0.10327810049057007 0.38345369696617126
0  0.5507175922393799 0.1955941617488861 0.575196385383606 0.2229369878768921
0  0.6322333812713623 0.4005563259124756 0.6945123672485352 0.4557756185531616
0  0.4862469732761383 0.30996280908584595 0.5194962024688721 0.39084571599960327
0  0.39339783787727356 0.2804158329963684 0.4448073208332062 0.3517990708351135
0  0.36075252294540405 0.28763315081596375 0.38915854692459106 0.3507574498653412
0  0.47333836555480957 0.42461833357810974 0.4960457682609558 0.4659990966320038
0  0.27394598722457886 0.35660719871520996 0.32028675079345703 0.42720210552215576
0  0.5301721096038818 0.3075091540813446 0.5547353029251099 0.3529307544231415
0  0.4877246916294098 0.3895542323589325 0.5268639922142029 0.4500792920589447
0  0.7123629450798035 0.35234731435775757 0.7448143362998962 0.41842442750930786
0  0.5853815674781799 0.330949604511261 0.6234944462776184 0.3943673372268677
0  0.18868792057037354 0.32525771856307983 0.30216386914253235 0.4721868634223938
0  0.6281955242156982 0.36356958746910095 0.6842541694641113 0.41066935658454895
0  0.19068995118141174 0.33589503169059753 0.2337220311164856 0.4130776822566986
0  0.33491483330726624 0.43764132261276245 0.36372849345207214 0.47869908809661865
0  0.4457586109638214 0.20349833369255066 0.5029372572898865 0.3477495014667511
0  0.5369590520858765 0.20599673688411713 0.5531315803527832 0.2660350799560547
0  0.2935222089290619 0.4169442355632782 0.3375023901462555 0.47704169154167175
0  0.4219772219657898 0.3009529709815979 0.4542965888977051 0.3833487033843994
0  0.4953787922859192 0.2904767692089081 0.5316049456596375 0.32871952652931213
0  0.6071561574935913 0.29022014141082764 0.6366554498672485 0.3291078209877014
