0  0.6214761137962341 0.39784732460975647 0.6654861569404602 0.4483366906642914
0  0.37389466166496277 0.3161667287349701 0.40322640538215637 0.35319784283638
0  0.28018420934677124 0.31534501910209656 0.31859296560287476 0.3614039123058319
0  0.5217745900154114 0.3183334171772003 0.5492623448371887 0.35935768485069275
0  0.17800015211105347 0.34476953744888306 0.2375011146068573 0.3974339962005615
0  0.45966649055480957 0.32504507899284363 0.4895859956741333 0.3592164218425751
0  0.5241313576698303 0.4297913610935211 0.5633741021156311 0.481768399477005
0  0.34234246611595154 0.3229247033596039 0.3621058166027069 0.35883936285972595
0  0.18117251992225647 0.3987736403942108 0.20837122201919556 0.4387337267398834
0  0.3597452640533447 0.4118320047855377 0.4031328558921814 0.47412195801734924
0  0.6279287934303284 0.44595566391944885 0.6519495844841003 0.48137661814689636
0  0.545892596244812 0.32084664702415466 0.5807433128356934 0.3706373870372772
0  0.2640705704689026 0.3516981303691864 0.2932698130607605 0.3830551207065582
0  0.23989540338516235 0.3346003592014313 0.25847071409225464 0.3822033703327179
0  0.4017677903175354 0.3339848220348358 0.4381651282310486 0.3842650353908539
0  0.4432152807712555 0.3264191150665283 0.4638965427875519 0.3627799153327942
0  0.1772010177373886 0.3480741083621979 0.1987072378396988 0.39410868287086487
0  0.4882306754589081 0.33437579870224 0.5054946541786194 0.36439502239227295
0  0.30081361532211304 0.3564485013484955 0.326948881149292 0.3900838792324066
0  0.19412121176719666 0.37321171164512634 0.22768089175224304 0.40261223912239075
0  0.19659920036792755 0.41133803129196167 0.22163964807987213 0.45327508449554443
0  0.36431407928466797 0.37584275007247925 0.3847566843032837 0.41534990072250366
0  0.2991686165332794 0.4532831609249115 0.33067116141319275 0.49360617995262146
0  0.43093472719192505 0.3886816203594208 0.47785013914108276 0.46638646721839905
0  0.3520721197128296 0.3465232253074646 0.38512998819351196 0.41519272327423096
0  0.5749852061271667 0.4234578013420105 0.6089667677879333 0.46362239122390747
0  0.545247495174408 0.36403870582580566 0.5761508345603943 0.40831971168518066
0  0.5706517696380615 0.3923657238483429 0.611420750617981 0.4635390341281891
0  0.596869707107544 0.3613184094429016 0.6270893812179565 0.4023060202598572
0  0.38743072748184204 0.3576611876487732 0.41652148962020874 0.40959495306015015
0  0.2794254720211029 0.33719396591186523 0.2984950840473175 0.363372266292572
0  0.21810433268547058 0.40577924251556396 0.2417813241481781 0.46842777729034424
0  0.2459581196308136 0.36983054876327515 0.2731318175792694 0.41473478078842163
0  0.5231946706771851 0.3566023111343384 0.5465446710586548 0.38913750648498535
0  0.24318742752075195 0.4288303554058075 0.28559303283691406 0.47306618094444275
0  0.5533907413482666 0.4461861252784729 0.5793542861938477 0.4849873185157776
0  0.24148502945899963 0.448393315076828 0.26043304800987244 0.48115065693855286
0  0.42841464281082153 0.3754431903362274 0.45225560665130615 0.39602211117744446
0  0.6123369336128235 0.3451790511608124 0.6360041499137878 0.36534467339515686
0  0.32061129808425903 0.4063766300678253 0.3430567979812622 0.4397413432598114
0  0.2641197741031647 0.31548625230789185 0.3188391625881195 0.3828781247138977
0  0.3419531583786011 0.36100465059280396 0.3571453094482422 0.3925607204437256
0  0.508583128452301 0.3650914132595062 0.5304638743400574 0.4084404408931732
0  0.5893335342407227 0.3917158544063568 0.6103485822677612 0.42749229073524475
0  0.4794181287288666 0.36666133999824524 0.5194013714790344 0.4250676929950714
0  0.22007820010185242 0.4452364146709442 0.24404391646385193 0.47173210978507996
0  0.32334378361701965 0.3403394818305969 0.34669819474220276 0.383103609085083
0  0.4202755391597748 0.37610024213790894 0.45316019654273987 0.4171341061592102
0  0.21163137257099152 0.3459591269493103 0.23792265355587006 0.37952905893325806
0  0.31667596101760864 0.4046218693256378 0.35752880573272705 0.4623514711856842
0  0.1955619603395462 0.44615280628204346 0.2226911038160324 0.4678457975387573
0  0.28352561593055725 0.3927474915981293 0.3417052924633026 0.45098164677619934
0  0.38422954082489014 0.3458413779735565 0.40533703565597534 0.39745786786079407
0  0.40259644389152527 0.3336961269378662 0.42939111590385437 0.35973232984542847
0  0.5939562916755676 0.3483210504055023 0.6131786704063416 0.3651514947414398
0  0.37330901622772217 0.3260127604007721 0.3872256875038147 0.35146835446357727
0  0.4846220016479492 0.40118739008903503 0.5060231685638428 0.4262945353984833
0  0.2993541359901428 0.465271919965744 0.3151821494102478 0.4922468960285187
0  0.6120786666870117 0.3457656800746918 0.6362079381942749 0.3935527503490448
0  0.33763962984085083 0.4093436002731323 0.35845887660980225 0.4497685432434082
0  0.5960963368415833 0.3614211678504944 0.611291229724884 0.3875766396522522
0  0.4310446083545685 0.4211196303367615 0.4607248604297638 0.46535515785217285
0  0.28149309754371643 0.3938564658164978 0.3053331673145294 0.4268183708190918
0  0.5210591554641724 0.407031387090683 0.5480149984359741 0.4336548149585724
0  0.432119756937027 0.386250764131546 0.45720627903938293 0.41899290680885315
0  0.5456460118293762 0.3211706876754761 0.5663982033729553 0.3473236560821533
0  0.194284588098526 0.4045754671096802 0.2426130175590515 0.46990394592285156
0  0.4517199397087097 0.4385855495929718 0.4836486577987671 0.47187456488609314
0  0.18158239126205444 0.3986761271953583 0.22018256783485413 0.4563685953617096
0  0.2899409532546997 0.41725894808769226 0.3208857774734497 0.4525010287761688
0  0.2524259388446808 0.4540475308895111 0.2682555615901947 0.4747453033924103
