0  0.65467768907547 0.27366796135902405 0.6949004530906677 0.34022101759910583
0  0.5788452625274658 0.31118762493133545 0.6223093271255493 0.37495195865631104
0  0.47023698687553406 0.3152860403060913 0.5045113563537598 0.3700411915779114
0  0.6978741884231567 0.3818143606185913 0.7386842966079712 0.43759864568710327
0  0.4062460958957672 0.3307346999645233 0.4390830099582672 0.38923379778862
0  0.7032641172409058 0.38441288471221924 0.7383085489273071 0.41361933946609497
0  0.5896611213684082 0.3904955983161926 0.6191833019256592 0.4262695908546448
0  0.19853855669498444 0.41411736607551575 0.2577872574329376 0.4722568094730377
0  0.3129483163356781 0.3839143216609955 0.33642229437828064 0.415805846452713
0  0.5172766447067261 0.3481121361255646 0.540237545967102 0.37241455912590027
0  0.3735871911048889 0.3440844416618347 0.401703417301178 0.3906685709953308
0  0.4372709393501282 0.45727503299713135 0.46855151653289795 0.49890071153640747
0  0.5394642353057861 0.3735624849796295 0.5779608488082886 0.40676644444465637
0  0.6965749263763428 0.35359829664230347 0.7382155656814575 0.37551629543304443
0  0.3001241683959961 0.38078901171684265 0.3185368776321411 0.4075622260570526
0  0.41845834255218506 0.3614799380302429 0.44632065296173096 0.4097481966018677
0  0.26598790287971497 0.3902243673801422 0.29914799332618713 0.4194658696651459
0  0.47532615065574646 0.384274423122406 0.5256738662719727 0.4380062222480774
0  0.38735464215278625 0.3439089059829712 0.40186235308647156 0.38546043634414673
0  0.24592892825603485 0.44471362233161926 0.27852240204811096 0.49415281414985657
0  0.7033324241638184 0.41028067469596863 0.7366291284561157 0.4381100833415985
0  0.6562466621398926 0.3373713791370392 0.7382440567016602 0.3751116096973419
0  0.33066636323928833 0.43045222759246826 0.3692435622215271 0.48316633701324463
0  0.6281917095184326 0.36014536023139954 0.6867636442184448 0.4269985854625702
0  0.3649057149887085 0.3309057950973511 0.44241541624069214 0.4424859881401062
0  0.5546849966049194 0.43391281366348267 0.5808106660842896 0.4623942971229553
0  0.6650859117507935 0.4407505989074707 0.6896599531173706 0.4682438373565674
0  0.49859774112701416 0.3449034094810486 0.5271002054214478 0.39070308208465576
0  0.5704236030578613 0.4516463577747345 0.5910155773162842 0.4887556731700897
0  0.3733852505683899 0.3599819839000702 0.39532703161239624 0.38893720507621765
0  0.628148078918457 0.35768967866897583 0.6593532562255859 0.3854656219482422
0  0.4517371654510498 0.35604724287986755 0.472028911113739 0.38224294781684875
0  0.3293915390968323 0.3876904845237732 0.35679054260253906 0.4327694773674011
0  0.6540089845657349 0.27410265803337097 0.739253044128418 0.4382871687412262
0  0.3329261541366577 0.387428343296051 0.3516736626625061 0.4174622893333435
0  0.6550825834274292 0.3402610123157501 0.6819952726364136 0.3636390268802643
0  0.6544470191001892 0.3998039662837982 0.6877313256263733 0.44161054491996765
0  0.36302241683006287 0.3840515911579132 0.39744803309440613 0.4266889989376068
0  0.5081202387809753 0.41928985714912415 0.5335386395454407 0.45583370327949524
0  0.5031097531318665 0.3948916792869568 0.5267482399940491 0.4295158386230469
0  0.4012671709060669 0.3309233784675598 0.43981611728668213 0.43566054105758667
0  0.4526389539241791 0.315012127161026 0.505730926990509 0.3882701098918915
0  0.2595106065273285 0.41570204496383667 0.2911090552806854 0.4541723132133484
0  0.2629862427711487 0.3821139931678772 0.36798614263534546 0.4973934292793274
0  0.42283567786216736 0.36103492975234985 0.44578346610069275 0.3883286118507385
0  0.6597237586975098 0.42396438121795654 0.690070390701294 0.47009503841400146
0  0.677325427532196 0.42808547616004944 0.7369236350059509 0.49149277806282043
0  0.39830517768859863 0.3870856761932373 0.42292124032974243 0.4371839165687561
0  0.26421818137168884 0.3817044496536255 0.320358544588089 0.4450029134750366
0  0.6943868398666382 0.3701098561286926 0.7061377763748169 0.40818583965301514
0  0.2961500287055969 0.381173312664032 0.31895703077316284 0.42388516664505005
