0  0.20758040249347687 0.3843737542629242 0.25402066111564636 0.42943426966667175
0  0.27269309759140015 0.3773740231990814 0.3201904892921448 0.4330628216266632
0  0.3234756886959076 0.3506556749343872 0.35589835047721863 0.42210304737091064
0  0.390047550201416 0.35782158374786377 0.42558932304382324 0.39757633209228516
0  0.5361039638519287 0.33193349838256836 0.5577322244644165 0.3849841356277466
0  0.43210989236831665 0.3871901035308838 0.4634881019592285 0.460763156414032
0  0.2346089631319046 0.3915848135948181 0.2743417024612427 0.4477077126502991
0  0.5050187110900879 0.35729581117630005 0.5317553281784058 0.4093437194824219
0  0.19133643805980682 0.38639289140701294 0.21074719727039337 0.4211376905441284
0  0.3855753540992737 0.4174113869667053 0.4252889156341553 0.46901243925094604
0  0.44663742184638977 0.358879029750824 0.47317054867744446 0.3926887512207031
0  0.6509721875190735 0.4247276186943054 0.7020556330680847 0.4763690233230591
0  0.1640295684337616 0.43938395380973816 0.1932227611541748 0.4811069667339325
0  0.33673784136772156 0.4145469069480896 0.3608027994632721 0.46838879585266113
0  0.644773006439209 0.3470643162727356 0.6590659618377686 0.3879814147949219
0  0.4684976041316986 0.3877811133861542 0.5105878114700317 0.4444468915462494
0  0.6025485992431641 0.3750339150428772 0.6347836256027222 0.43484365940093994
0  0.3163932263851166 0.38289642333984375 0.3386146128177643 0.4230344295501709
0  0.5529578924179077 0.34936806559562683 0.5707144737243652 0.3910810053348541
0  0.5220354199409485 0.4118170738220215 0.5546265244483948 0.4540427327156067
0  0.3202989399433136 0.3510180115699768 0.36352112889289856 0.4682426452636719
0  0.5353088974952698 0.3330806791782379 0.6216949820518494 0.4824293553829193
0  0.4876241981983185 0.40335941314697266 0.5115194916725159 0.4447166919708252
0  0.3012632429599762 0.4414515197277069 0.334379106760025 0.47182348370552063
0  0.2727007567882538 0.3806273341178894 0.2974803149700165 0.42770588397979736
0  0.4671953022480011 0.3874814808368683 0.4979707896709442 0.4263070523738861
0  0.4350915551185608 0.42210474610328674 0.45857131481170654 0.4612925350666046
0  0.4576025605201721 0.43271493911743164 0.4904091954231262 0.4844149351119995
0  0.5357362031936646 0.3319682776927948 0.5713714361190796 0.4005802571773529
0  0.2703649699687958 0.4350982904434204 0.3037203848361969 0.4764164090156555
0  0.25191551446914673 0.39182546734809875 0.27358824014663696 0.42877933382987976
0  0.4690861701965332 0.43046048283576965 0.509685754776001 0.48858901858329773
0  0.38880616426467896 0.357372909784317 0.4336441159248352 0.42380139231681824
0  0.6528069972991943 0.3981991708278656 0.6791255474090576 0.43413034081459045
0  0.20646458864212036 0.3828371465206146 0.27335867285728455 0.44867458939552307
0  0.6247860789299011 0.4360162019729614 0.6527344584465027 0.4722188711166382
0  0.2915273904800415 0.41782185435295105 0.32351940870285034 0.4478800594806671
