0  0.703866183757782 0.3506917953491211 0.743640124797821 0.4177019000053406
0  0.5775238871574402 0.23503074049949646 0.5962994694709778 0.2722639739513397
0  0.4702061116695404 0.3223940432071686 0.5346524715423584 0.4231124818325043
0  0.5391695499420166 0.4253641963005066 0.590807318687439 0.48956650495529175
0  0.4031074047088623 0.3602033853530884 0.4461144208908081 0.41513246297836304
0  0.6418619751930237 0.25191497802734375 0.6634852290153503 0.2982099652290344
0  0.765257716178894 0.3924414813518524 0.8041276931762695 0.44339045882225037
0  0.6598871946334839 0.28925591707229614 0.6910792589187622 0.32114386558532715
0  0.6044581532478333 0.2741210460662842 0.6379256844520569 0.31475162506103516
0  0.5380605459213257 0.30104029178619385 0.5605088472366333 0.3455204963684082
0  0.3848884701728821 0.39432811737060547 0.41851139068603516 0.46060889959335327
0  0.6872206330299377 0.3137114644050598 0.7162647843360901 0.35076069831848145
0  0.28796878457069397 0.3418262004852295 0.3786942660808563 0.47720998525619507
0  0.5604298114776611 0.3108161687850952 0.5887845754623413 0.3470458388328552
0  0.654018759727478 0.39675799012184143 0.7043508291244507 0.46174129843711853
0  0.6603391170501709 0.2896237075328827 0.7154660224914551 0.35032007098197937
0  0.6148102879524231 0.36863863468170166 0.652022659778595 0.4203341603279114
0  0.325370192527771 0.34186887741088867 0.3769596815109253 0.44458454847335815
0  0.2872738540172577 0.4066793620586395 0.3532358705997467 0.47878482937812805
0  0.5193389654159546 0.31234651803970337 0.5409656763076782 0.35264015197753906
0  0.5790585875511169 0.4189954996109009 0.6225605607032776 0.46594953536987305
0  0.6075287461280823 0.3040028214454651 0.6402034163475037 0.34074729681015015
0  0.33310824632644653 0.35332998633384705 0.36405450105667114 0.41820624470710754
0  0.5739426612854004 0.36161312460899353 0.6180031299591064 0.42324313521385193
0  0.35144469141960144 0.4433683156967163 0.39148131012916565 0.4998285174369812
0  0.7169623970985413 0.4096839427947998 0.7503395676612854 0.46373945474624634
0  0.6854369640350342 0.34747636318206787 0.7118043899536133 0.37643301486968994
0  0.4007239043712616 0.3607718348503113 0.45089414715766907 0.45657479763031006
0  0.40122103691101074 0.3575383424758911 0.41264671087265015 0.40021562576293945
0  0.4600375294685364 0.3601888418197632 0.4811716675758362 0.3932051658630371
0  0.41649511456489563 0.4062190353870392 0.45048943161964417 0.45755115151405334
0  0.6581265926361084 0.32746317982673645 0.6826865673065186 0.3838275969028473
0  0.28733566403388977 0.40676450729370117 0.3237011730670929 0.4463450312614441
0  0.6363767981529236 0.3296237289905548 0.6655566096305847 0.3728933036327362
0  0.5199689269065857 0.3004491925239563 0.5610771775245667 0.35428762435913086
0  0.5371878147125244 0.3467506468296051 0.5808522701263428 0.40872296690940857
0  0.5836447477340698 0.3112668991088867 0.6021078824996948 0.348085880279541
0  0.6380988359451294 0.32591837644577026 0.6822712421417236 0.3872103691101074
0  0.7062385082244873 0.4120456278324127 0.7529305219650269 0.48515060544013977
0  0.28872227668762207 0.3881910741329193 0.3354501724243164 0.4439755976200104
0  0.5926342606544495 0.28383734822273254 0.6086663603782654 0.3184104859828949
0  0.4815542697906494 0.4137791395187378 0.504787027835846 0.4788320064544678
